0 7 133 192 202 55 239 254 17 249 11 2 
0 1 130 220 243 71 239 1 37 12 18 23 
0 4 131 202 30 48 71 36 191 0 223 8 
103 11 132 30 49 44 51 1 202 18 226 235 
107 26 136 218 10 45 56 44 204 8 0 3 
170 37 140 233 242 51 67 25 229 36 236 12 
108 30 137 250 251 60 80 17 198 27 240 243 
111 20 135 253 247 66 84 24 180 251 212 0 
109 23 138 240 9 67 84 53 203 242 205 20 
0 23 138 237 247 64 89 63 193 218 212 19 
0 32 139 224 11 53 70 60 212 0 240 21 
0 24 135 250 32 67 78 44 194 229 251 23 
0 39 137 240 44 70 20 18 246 9 21 240 
0 45 138 254 45 32 21 12 10 14 7 251 
0 20 136 225 82 55 7 12 1 253 15 217 
0 14 137 192 88 33 19 7 241 8 0 229 
0 13 138 175 66 27 241 28 237 1 244 242 
0 9 139 159 74 80 231 8 229 242 243 231 
0 10 146 157 59 93 16 9 199 195 21 242 
0 28 149 167 28 71 6 41 237 252 19 230 
81 39 159 164 249 69 39 73 219 222 24 3 
75 42 151 186 57 90 10 8 188 251 253 14 
73 50 150 197 38 87 29 246 207 7 11 244 
71 51 141 233 42 73 235 15 239 30 239 240 
71 31 135 12 39 84 21 11 207 28 32 242 
75 29 134 45 44 36 248 39 254 13 28 229 
76 15 132 100 35 36 24 14 18 14 251 241 
0 16 132 92 51 33 32 12 12 245 255 255 
0 16 132 85 48 30 16 11 14 253 254 0 
0 2 131 119 20 246 225 222 235 227 228 240 
0 4 130 5 11 9 9 252 22 3 248 4 
0 1 130 28 18 9 8 8 21 5 13 18 
0 2 130 20 3 2 0 5 13 10 10 12 
0 1 130 38 14 254 4 18 19 26 18 4 
0 3 130 245 211 220 41 15 26 7 253 7 
74 71 152 208 244 28 53 47 204 0 251 237 
74 57 149 234 11 63 61 44 170 241 0 0 
75 91 144 26 40 73 53 42 200 4 1 234 
76 147 147 19 44 54 50 24 229 25 8 245 
149 105 157 11 45 40 41 4 216 232 248 35 
74 88 155 35 14 27 16 2 223 224 8 36 
73 74 150 54 244 6 18 9 241 235 34 20 
72 39 140 71 212 28 39 255 242 245 19 0 
69 19 132 89 18 22 38 18 12 240 1 253 
0 14 132 90 40 9 57 28 44 245 238 248 
0 6 131 110 60 18 33 236 2 225 211 239 
72 2 131 120 25 236 0 226 250 235 231 248 
0 2 130 111 44 6 0 244 238 237 229 241 
98 7 131 71 54 250 31 15 15 233 216 238 
0 17 133 53 51 6 23 24 26 4 223 245 
0 29 135 54 64 0 5 33 27 22 206 24 
0 78 159 66 13 210 217 24 0 250 0 254 
0 47 160 88 238 206 209 48 242 231 12 28 
140 27 150 89 198 216 243 40 239 222 38 245 
143 24 149 88 203 188 10 17 0 210 27 9 
141 22 148 87 205 180 33 10 248 222 17 19 
140 23 150 65 8 159 42 10 228 252 2 19 
255 23 147 47 14 171 10 19 253 228 246 22 
121 16 145 73 216 168 26 252 225 226 11 35 
89 14 134 46 241 212 12 9 5 235 15 11 
0 7 132 9 1 235 235 36 251 239 28 242 
0 2 130 41 245 2 4 16 245 22 27 11 
0 3 130 13 13 7 15 8 4 252 9 12 
0 6 138 138 27 48 240 6 16 30 230 15 
0 10 154 144 0 19 222 20 0 2 0 255 
0 11 195 134 175 21 255 22 8 247 248 1 
0 14 220 148 148 220 236 236 238 21 14 248 
0 20 237 155 157 227 237 217 241 0 248 244 
0 23 215 162 160 214 234 231 234 14 236 247 
0 20 167 172 182 8 1 215 18 32 215 253 
76 62 142 32 74 37 234 3 38 4 227 14 
79 60 157 39 66 220 212 41 24 219 223 24 
88 68 161 69 19 197 18 40 248 235 226 8 
98 69 156 67 12 213 34 11 10 222 244 6 
118 39 145 64 247 217 29 16 253 211 252 8 
122 21 137 18 38 209 50 0 18 230 244 254 
0 7 132 8 65 244 55 2 20 220 192 254 
0 5 130 27 42 23 24 246 0 228 246 255 
0 1 130 39 26 7 2 2 27 7 250 240 
0 1 130 52 28 2 6 3 27 25 13 12 
0 2 130 249 240 12 251 19 255 13 0 19 
0 2 130 249 252 10 3 15 0 11 2 7 
0 2 130 176 238 25 9 30 4 25 2 34 
0 4 131 180 234 205 17 21 11 242 4 12 
0 8 132 203 225 2 247 8 236 7 253 245 
0 10 137 94 242 188 230 18 23 218 240 29 
0 28 142 42 250 221 224 244 242 247 251 244 
0 11 139 67 198 193 233 8 6 209 0 3 
0 8 136 69 185 200 230 255 231 236 247 251 
0 5 132 58 181 202 255 23 1 225 29 18 
0 2 130 52 190 191 249 15 6 248 27 4 
0 2 130 50 210 201 237 17 17 246 52 9 
0 2 130 48 206 203 253 6 8 6 36 37 
0 1 130 49 226 207 30 18 21 2 29 13 
0 1 130 27 9 10 8 18 4 12 14 0 
0 3 130 3 8 253 3 1 5 1 4 1 
